11,0.117
12,0.116
13,0.116
14,0.116
15,0.116
16,0.116
17,0.116
18,0.115
19,0.115
20,0.115
21,0.115
22,0.115
23,0.114
24,0.114
25,0.114
26,0.114
27,0.114
28,0.114
29,0.113
30,0.113
31,0.113
32,0.113
33,0.113
34,0.113
35,0.112
36,0.112
37,0.112
38,0.112
39,0.112
40,0.111
41,0.111
42,0.111
43,0.111
44,0.111
45,0.111
46,0.11
47,0.11
48,0.11
49,0.11
50,0.11
51,0.109
52,0.109
53,0.109
54,0.109
55,0.109
56,0.109
57,0.108
58,0.108
59,0.108
60,0.108
61,0.108
62,0.108
63,0.107
64,0.107
65,0.107
66,0.107
67,0.107
68,0.106
69,0.106
70,0.106
71,0.106
72,0.106
73,0.106
74,0.105
75,0.105
76,0.105
77,0.105
78,0.105
79,0.105
80,0.104
81,0.104
82,0.104
83,0.104
84,0.104
85,0.103
86,0.103
87,0.103
88,0.103
89,0.103
90,0.103
91,0.102
92,0.102
93,0.102
94,0.102
95,0.102
96,0.102
97,0.101
98,0.101
99,0.101
100,0.101
101,0.101
102,0.101
103,0.1
104,0.1
105,0.1
106,0.1
107,0.1
108,0.099
109,0.099
110,0.099
111,0.099
112,0.099
113,0.099
114,0.098
115,0.098
116,0.098
117,0.098
118,0.098
119,0.098
120,0.097
121,0.097
122,0.097
123,0.097
124,0.097
125,0.096
126,0.096
127,0.096
128,0.096
129,0.096
130,0.096
131,0.095
132,0.095
133,0.095
134,0.095
135,0.095
136,0.095
137,0.094
138,0.094
139,0.094
140,0.094
141,0.094
142,0.093
143,0.093
144,0.093
145,0.093
146,0.093
147,0.093
148,0.092
149,0.092
150,0.092
151,0.092
152,0.092
153,0.092
154,0.091
155,0.091
156,0.091
157,0.091
158,0.091
159,0.091
160,0.09
161,0.09
162,0.09
163,0.09
164,0.09
165,0.089
166,0.089
167,0.089
168,0.089
169,0.089
170,0.089
171,0.088
172,0.088
173,0.088
174,0.088
175,0.088
176,0.087
177,0.087
178,0.087
179,0.087
180,0.087
181,0.087
182,0.086
183,0.086
184,0.086
185,0.086
186,0.086
187,0.086
188,0.085
189,0.085
190,0.085
191,0.085
192,0.085
193,0.084
194,0.084
195,0.084
196,0.084
197,0.084
198,0.084
199,0.083